0.256 1
-1.257 1
1.745 1
-1.463 1
0.486 1
-1.564 1
1.004 1
2.289 1
-0.987 1
0.699 1
0.136 1
-0.352 1
1.891 1
2.892 1
0.32 1
2.261 1
2.164 1
-0.477 1
-0.693 1
-1.237 1
-0.747 1
-0.268 1
2.094 1
-0.759 1
-1.57 1
-1.823 1
-1.115 1
-2.722 1
-2.261 1
0.174 1
-1.081 1
0.585 1
2.542 1
-1.956 1
4.125 1
2.233 1
-2.798 1
1.846 1
-0.047 1
-0.009 1
-1.565 1
0.297 1
0.009 1
0.626 1
-0.105 1
0.583 1
0.383 1
-0.789 1
2.062 1
0.319 1
-2.16 2
0.714 2
-2.015 2
6.068 2
6.784 2
0.31 2
-2.602 2
4.723 2
4.592 2
10.71 2
-9.581 2
0.567 2
-7.07 2
-0.821 2
-0.966 2
-2.6 2
4.902 2
-0.182 2
1.961 2
-0.762 2
-3.886 2
4.718 2
-5.161 2
-4.146 2
5.038 2
-5.634 2
-2.769 2
1.558 2
-4.574 2
-1.797 2
0.359 2
-1.212 2
-8.691 2
3.373 2
2.542 2
-5.365 2
-8.178 2
-1.923 2
1.456 2
-2.346 2
-3.165 2
1.089 2
-1.684 2
0.424 2
-1.987 2
-6.656 2
2.321 2
-2.345 2
-7.192 2
-5.58 2
