-0.955 -0.725
0.429 -1.82
2.884 1.064
-0.165 1.052
1.619 -0.684
1.349 -0.452
1.009 2.04
1.398 -0.88
1.66 1.777
1.548 -0.065
0.858 -0.057
0.462 -0.347
1.893 0.462
1.311 0.732
1.068 0.116
0.46 -0.909
2.388 1.995
-1.147 0.275
1.752 -0.624
1.5 0.544
0.457 -0.509
2.343 -0.752
1.131 0.845
0.818 -0.287
1.427 0.667
1.18 0.643
0.59 0.55
1.154 0.573
0.672 0.473
1.494 0.793
1.611 0.514
0.183 1.514
-0.235 -0.449
1.898 -0.698
2.508 -1.024
0.142 0.428
-0.526 -0.39
0.926 1.134
0.686 -1.021
1.971 0.13
1.927 0.561
1.783 1.45
0.652 1.181
0.682 1.05
-0.523 -1.203
0.524 -1.471
0.356 1.187
1.906 1.09
-0.484 1.176
1.536 1.857
