2.036 7.458
-0.219 -3.729
-0.969 -7.449
-0.075 -3.013
-1.382 -9.499
-1.023 -7.717
-0.121 -3.243
0.522 -0.051
-1.15 -8.346
-0.616 -5.695
0.228 -1.512
-0.993 -7.568
1.064 2.636
0.891 1.777
1.743 6.004
-0.314 -4.198
-1.011 -7.656
-0.249 -3.876
-1.672 -10.938
-0.638 -5.804
-0.071 -2.995
-0.754 -6.382
-0.168 -3.473
-0.224 -3.751
-0.385 -4.551
0.219 -1.554
-1.412 -9.647
-0.59 -5.568
-1.419 -9.68
1.74 5.989
-0.565 -5.444
-0.357 -4.415
-1.908 -12.108
0.183 -1.733
-0.014 -2.709
-0.066 -2.966
-1.152 -8.356
0.753 1.092
-0.589 -5.564
1.949 7.028
-0.121 -3.244
0.057 -2.356
0.384 -0.737
1.191 3.27
-1.036 -7.78
-0.457 -4.908
-1.182 -8.506
1.508 4.84
1.819 6.382
-0.837 -6.795
